R, 1,3000,5000,3000,    0,    0,0
R, 2,3000,5000,3000, 3000,    0,0
R, 3,3000,5000,3000, 6000,    0,0
R, 4,3000,5000,3000, 9000,    0,0
R, 5,3000,5000,3000,12000,    0,0
R, 6,3000,5000,3000,15000,    0,0
R, 7,3000,5000,3000,18000,    0,0
R, 8,3000,5000,3000,21000,    0,0
R, 9,3000,5000,3000,24000,    0,0
R,10,3000,5000,3000,27000,    0,0

R,11,3000,5000,3000,    0, 5000,0
R,12,3000,5000,3000, 3000, 5000,0
R,13,3000,5000,3000, 6000, 5000,0
R,14,3000,5000,3000, 9000, 5000,0
R,15,3000,5000,3000,12000, 5000,0
R,16,3000,5000,3000,15000, 5000,0
R,17,3000,5000,3000,18000, 5000,0
R,18,3000,5000,3000,21000, 5000,0
R,19,3000,5000,3000,24000, 5000,0
R,20,3000,5000,3000,27000, 5000,0

R,21,3000,5000,3000,    0,10000,0
R,22,3000,5000,3000, 3000,10000,0
R,23,3000,5000,3000, 6000,10000,0
R,24,3000,5000,3000, 9000,10000,0
R,25,3000,5000,3000,12000,10000,0
R,26,3000,5000,3000,15000,10000,0
R,27,3000,5000,3000,18000,10000,0
R,28,3000,5000,3000,21000,10000,0
R,29,3000,5000,3000,24000,10000,0
R,30,3000,5000,3000,27000,10000,0

R,31,3000,5000,3000,    0,15000,0
R,32,3000,5000,3000, 3000,15000,0
R,33,3000,5000,3000, 6000,15000,0
R,34,3000,5000,3000, 9000,15000,0
R,35,3000,5000,3000,12000,15000,0
R,36,3000,5000,3000,15000,15000,0
R,37,3000,5000,3000,18000,15000,0
R,38,3000,5000,3000,21000,15000,0
R,39,3000,5000,3000,24000,15000,0
R,40,3000,5000,3000,27000,15000,0

R,41,3000,5000,3000,    0,20000,0
R,42,3000,5000,3000, 3000,20000,0
R,43,3000,5000,3000, 6000,20000,0
R,44,3000,5000,3000, 9000,20000,0
R,45,3000,5000,3000,12000,20000,0
R,46,3000,5000,3000,15000,20000,0
R,47,3000,5000,3000,18000,20000,0
R,48,3000,5000,3000,21000,20000,0
R,49,3000,5000,3000,24000,20000,0
R,50,3000,5000,3000,27000,20000,0