R, 1,2900,5800,3000,   0,   0,   0
R, 2,5800,2900,3000,2900,   0,   0
R, 3,2900,5800,3000,5800,2900,   0
R, 4,5800,2900,3000,   0,5800,   0
R, 5,2900,2900,3000,2900,2900,   0

R, 6,2900,5800,3000,   0,   0,3000
R, 7,5800,2900,3000,2900,   0,3000
R, 8,2900,5800,3000,5800,2900,3000
R, 9,5800,2900,3000,   0,5800,3000
R,10,2900,2900,3000,2900,2900,3000

R,11,2900,5800,3000,   0,   0,6000
R,12,5800,2900,3000,2900,   0,6000
R,13,2900,5800,3000,5800,2900,6000
R,14,5800,2900,3000,   0,5800,6000
R,15,2900,2900,3000,2900,2900,6000

R,16,2900,5800,3000,   0,   0,9000
R,17,5800,2900,3000,2900,   0,9000
R,18,2900,5800,3000,5800,2900,9000
R,19,5800,2900,3000,   0,5800,9000
R,20,2900,2900,3000,2900,2900,9000

R,21,2900,5800,3000,   0,   0,12000
R,22,5800,2900,3000,2900,   0,12000
R,23,2900,5800,3000,5800,2900,12000
R,24,5800,2900,3000,   0,5800,12000
R,25,2900,2900,3000,2900,2900,12000

R,26,2900,5800,3000,   0,   0,15000
R,27,5800,2900,3000,2900,   0,15000
R,28,2900,5800,3000,5800,2900,15000
R,29,5800,2900,3000,   0,5800,15000
R,30,2900,2900,3000,2900,2900,15000

R,31,2900,5800,3000,   0,   0,18000
R,32,5800,2900,3000,2900,   0,18000
R,33,2900,5800,3000,5800,2900,18000
R,34,5800,2900,3000,   0,5800,18000
R,35,2900,2900,3000,2900,2900,18000

R,36,2900,5800,3000,   0,   0,21000
R,37,5800,2900,3000,2900,   0,21000
R,38,2900,5800,3000,5800,2900,21000
R,39,5800,2900,3000,   0,5800,21000
R,40,2900,2900,3000,2900,2900,21000

R,41,2900,5800,3000,   0,   0,24000
R,42,5800,2900,3000,2900,   0,24000
R,43,2900,5800,3000,5800,2900,24000
R,44,5800,2900,3000,   0,5800,24000
R,45,2900,2900,3000,2900,2900,24000

R,46,2900,5800,3000,   0,   0,27000
R,47,5800,2900,3000,2900,   0,27000
R,48,2900,5800,3000,5800,2900,27000
R,49,5800,2900,3000,   0,5800,27000
R,50,2900,2900,3000,2900,2900,27000
